54	1.51837	13.14	2.84	1.28	72.85	0.55	9.07	0	0	1
28	1.51721	12.87	3.48	1.33	73.04	0.56	8.43	0	0	1
45	1.51786	12.73	3.43	1.19	72.95	0.62	8.76	0	0.3	1
41	1.51793	12.79	3.5	1.12	73.03	0.64	8.77	0	0	1
5	1.51742	13.27	3.62	1.24	73.08	0.55	8.07	0	0	1
34	1.51753	12.57	3.47	1.38	73.39	0.6	8.55	0	0.06	1
7	1.51743	13.3	3.6	1.14	73.09	0.58	8.17	0	0	1
3	1.51618	13.53	3.55	1.54	72.99	0.39	7.78	0	0	1
40	1.52213	14.21	3.82	0.47	71.77	0.11	9.57	0	0	1
15	1.51763	12.61	3.59	1.31	73.29	0.58	8.5	0	0	1
10	1.51755	13	3.6	1.36	72.99	0.57	8.4	0	0.11	1
36	1.51567	13.29	3.45	1.21	72.74	0.56	8.57	0	0	1
67	1.52152	13.05	3.65	0.87	72.22	0.19	9.85	0	0.17	1
16	1.51761	12.81	3.54	1.23	73.24	0.58	8.39	0	0	1
64	1.52227	14.17	3.81	0.78	71.35	0	9.69	0	0	1
32	1.51747	12.84	3.5	1.14	73.27	0.56	8.55	0	0	1
43	1.51779	13.21	3.39	1.33	72.76	0.59	8.59	0	0	1
21	1.5175	12.82	3.55	1.49	72.75	0.54	8.52	0	0.19	1
39	1.52213	14.21	3.82	0.47	71.77	0.11	9.57	0	0	1
37	1.51909	13.89	3.53	1.32	71.81	0.51	8.78	0.11	0	1
115	1.51847	13.1	3.97	1.19	72.44	0.6	8.43	0	0	2
103	1.5182	12.62	2.76	0.83	73.81	0.35	9.42	0	0.2	2
134	1.518	13.71	3.93	1.54	71.81	0.54	8.21	0	0.15	2
108	1.53393	12.3	0	1	70.16	0.12	16.19	0	0.24	2
71	1.51574	14.86	3.67	1.74	71.87	0.16	7.36	0	0.12	2
80	1.5159	12.82	3.52	1.9	72.86	0.69	7.97	0	0	2
75	1.51596	13.02	3.56	1.54	73.11	0.72	7.9	0	0	2
78	1.51627	13	3.58	1.54	72.83	0.61	8.04	0	0	2
133	1.51813	13.43	3.98	1.18	72.49	0.58	8.15	0	0	2
93	1.51588	13.12	3.41	1.58	73.26	0.07	8.39	0	0.19	2
143	1.51662	12.85	3.51	1.44	73.01	0.68	8.23	0.06	0.25	2
110	1.51818	13.72	0	0.56	74.45	0	10.99	0	0	2
120	1.51652	13.56	3.57	1.47	72.45	0.64	7.96	0	0	2
111	1.52664	11.23	0	0.77	73.21	0	14.68	0	0	2
87	1.51569	13.24	3.49	1.47	73.25	0.38	8.03	0	0	2
124	1.51707	13.48	3.48	1.71	72.52	0.62	7.99	0	0	2
94	1.5159	13.24	3.34	1.47	73.1	0.39	8.22	0	0	2
129	1.52068	13.55	2.09	1.67	72.18	0.53	9.57	0.27	0.17	2
130	1.5202	13.98	1.35	1.63	71.76	0.39	10.56	0	0.18	2
113	1.52777	12.64	0	0.67	72.02	0.06	14.4	0	0	2
99	1.51689	12.67	2.88	1.71	73.21	0.73	8.54	0	0	2
147	1.51769	13.65	3.66	1.11	72.77	0.11	8.6	0	0	3
148	1.5161	13.33	3.53	1.34	72.67	0.56	8.33	0	0	3
149	1.5167	13.24	3.57	1.38	72.7	0.56	8.44	0	0.1	3
150	1.51643	12.16	3.52	1.35	72.89	0.57	8.53	0	0	3
164	1.51514	14.01	2.68	3.5	69.89	1.68	5.87	2.2	0	5
165	1.51915	12.73	1.85	1.86	72.69	0.6	10.09	0	0	5
166	1.52171	11.56	1.88	1.56	72.86	0.47	11.41	0	0	5
167	1.52151	11.03	1.71	1.56	73.44	0.58	11.62	0	0	5
177	1.51905	14	2.39	1.56	72.37	0	9.57	0	0	6
178	1.51937	13.79	2.41	1.19	72.76	0	9.77	0	0	6
186	1.51131	13.69	3.2	1.81	72.81	1.76	5.43	1.19	0	7
187	1.51838	14.32	3.26	2.22	71.25	1.46	5.79	1.63	0	7
188	1.52315	13.44	3.34	1.23	72.38	0.6	8.83	0	0	7
189	1.52247	14.86	2.2	2.06	70.26	0.76	9.76	0	0	7
190	1.52365	15.79	1.83	1.31	70.43	0.31	8.61	1.68	0	7
191	1.51613	13.88	1.78	1.79	73.1	0	8.67	0.76	0	7
192	1.51602	14.85	0	2.38	73.28	0	8.76	0.64	0.09	7
193	1.51623	14.2	0	2.79	73.46	0.04	9.04	0.4	0.09	7
